v=1
f=Shield
outline=0
ot=1
bp=Chief
pr=0.2,0.6,0.4540541,1
ps=0.97,0.85,0.25,1
pt=0.8,0.1,0.1,1
ec=1
e0_d=Lion
e0_c=0,0.6137931,0.309013039,1
e0_x=0
e0_y=-0.098173514
e0_r=0
e0_s=0.7
e0_sx=0.7
e0_sy=0.7
e0_fx=0
e0_fy=0
