v=1
f=Shield
outline=0
ot=1
bp=VerticalHalves
pr=0.15,0.25,0.5,1
ps=1,0.944873154,0.290540576,1
pt=0.8,0.1,0.1,1
ec=1
e0_d=Lion
e0_c=0.765517235,0.546421,0,1
e0_x=0
e0_y=0
e0_r=0
e0_s=0.75
e0_sx=0.75
e0_sy=0.75
e0_fx=0
e0_fy=0
