v=1
f=Badge1
outline=0
ot=1
bp=HorizontalStripes1
pr=0.549019635,0.549019635,0.549019635,1
ps=0.784313738,0.784313738,0.784313738,1
pt=0.8,0.1,0.1,1
ec=1
e0_d=Sword
e0_c=0.3137255,0.3137255,0.3137255,1
e0_x=0
e0_y=0
e0_r=0
e0_s=0.96925
e0_sx=0.96925
e0_sy=0.96925
e0_fx=0
e0_fy=0
