v=1
f=Shield
outline=0
ot=1
bp=Bend1
pr=0.15,0.4,0.2,1
ps=0.6,0.35,0.2,1
pt=0.8,0.1,0.1,1
ec=1
e0_d=Tree
e0_c=0.275862068,0.09131986,0,1
e0_x=0
e0_y=0
e0_r=0
e0_s=0.87425
e0_sx=0.87425
e0_sy=0.87425
e0_fx=0
e0_fy=0
